"clade_name","NCBI_tax_id","relative_abundance","additional_species","tax_level","taxon"
"k__Bacteria|p__Firmicutes|c__Clostridia|o__Lachnospirales|f__Lachnospiraceae|g__Wujia","2|1239|186801|3085636|186803|2944152",12.79582,"","genus","Wujia"
"k__Bacteria|p__Verrucomicrobiota|c__Verrucomicrobiia|o__Verrucomicrobiales|f__Akkermansiaceae|g__Akkermansia","2|74201|203494|48461|1647988|239934",10.56685,"","genus","Akkermansia"
"k__Bacteria|p__Firmicutes|c__CFGB1354|o__OFGB1354|f__FGB1354|g__GGB3304","2|1239||||",10.4454,"","genus","GGB3304"
"k__Bacteria|p__Bacteroidota|c__Bacteroidia|o__Bacteroidales|f__Rikenellaceae|g__Alistipes","2|976|200643|171549|171550|239759",9.1219,"","genus","Alistipes"
"k__Bacteria|p__Firmicutes|c__Clostridia|o__Eubacteriales|f__Oscillospiraceae|g__Faecalibacterium","2|1239|186801|186802|216572|216851",5.38441,"","genus","Faecalibacterium"
"k__Bacteria|p__Firmicutes|c__Clostridia|o__Lachnospirales|f__Lachnospiraceae|g__Simiaoa","2|1239|186801|3085636|186803|2944193",5.2024,"","genus","Simiaoa"
"k__Bacteria|p__Bacteroidota|c__Bacteroidia|o__Bacteroidales|f__Prevotellaceae|g__Segatella","2|976|200643|171549|171552|2974251",4.54435,"","genus","Segatella"
"k__Bacteria|p__Firmicutes|c__CFGB1765|o__OFGB1765|f__FGB1765|g__GGB4559","2|1239||||",2.21169,"","genus","GGB4559"
"k__Bacteria|p__Firmicutes|c__Clostridia|o__Lachnospirales|f__Lachnospiraceae|g__Gallintestinimicrobium","2|1239|186801|3085636|186803|2981633",2.02434,"","genus","Gallintestinimicrobium"
"k__Bacteria|p__Firmicutes|c__Clostridia|o__Eubacteriales|f__Eubacteriaceae|g__Eubacterium","2|1239|186801|186802|186806|1730",1.95216,"","genus","Eubacterium"
"k__Bacteria|p__Firmicutes|c__Clostridia|o__Eubacteriales|f__Clostridiaceae|g__Clostridium","2|1239|186801|186802|31979|1485",1.93593,"","genus","Clostridium"
"k__Bacteria|p__Firmicutes|c__Clostridia|o__Eubacteriales|f__Oscillospiraceae|g__Vescimonas","2|1239|186801|186802|216572|2892396",1.79001,"","genus","Vescimonas"
"k__Bacteria|p__Firmicutes|c__Clostridia|o__Eubacteriales|f__Eubacteriales_incertae_sedis|g__Candidatus_Cibionibacter","2|1239|186801|186802|538999|2527773",1.50517,"","genus","Candidatus_Cibionibacter"
"k__Bacteria|p__Bacteroidota|c__CFGB658|o__OFGB658|f__FGB658|g__GGB1627","2|976||||",1.36713,"","genus","GGB1627"
"k__Bacteria|p__Firmicutes|c__Clostridia|o__Lachnospirales|f__Lachnospiraceae|g__Blautia","2|1239|186801|3085636|186803|572511",1.33803,"","genus","Blautia"
"k__Bacteria|p__Bacteroidota|c__CFGB629|o__OFGB629|f__FGB629|g__GGB1495","2|976||||",1.28259,"","genus","GGB1495"
"k__Bacteria|p__Firmicutes|c__Clostridia|o__Lachnospirales|f__Anaerotignaceae|g__Anaerotignum","2|1239|186801|3085636|3118652|2039240",1.24522,"","genus","Anaerotignum"
"k__Bacteria|p__Bacteroidota|c__Bacteroidia|o__Bacteroidales|f__Bacteroidaceae|g__Bacteroides","2|976|200643|171549|815|816",1.17116,"","genus","Bacteroides"
"k__Bacteria|p__Firmicutes|c__Clostridia|o__Lachnospirales|f__Lachnospiraceae|g__Waltera","2|1239|186801|3085636|186803|2815781",1.11232,"","genus","Waltera"
"k__Bacteria|p__Firmicutes|c__CFGB1765|o__OFGB1765|f__FGB1765|g__GGB87378","2|1239||||",1.07724,"","genus","GGB87378"
"k__Bacteria|p__Firmicutes|c__Clostridia|o__Lachnospirales|f__Lachnospiraceae|g__Roseburia","2|1239|186801|3085636|186803|841",1.04427,"","genus","Roseburia"
"k__Bacteria|p__Firmicutes|c__CFGB1776|o__OFGB1776|f__FGB1776|g__GGB4683","2|1239||||",0.91466,"","genus","GGB4683"
"k__Bacteria|p__Firmicutes|c__CFGB1354|o__OFGB1354|f__FGB1354|g__GGB38266","2|1239||||",0.80413,"","genus","GGB38266"
"k__Bacteria|p__Firmicutes|c__CFGB84123|o__OFGB84123|f__FGB84123|g__GGB3138","2|1239||||",0.79804,"","genus","GGB3138"
"k__Bacteria|p__Firmicutes|c__Clostridia|o__Lachnospirales|f__Lachnospiraceae|g__Anaerobutyricum","2|1239|186801|3085636|186803|2569097",0.72423,"","genus","Anaerobutyricum"
"k__Bacteria|p__Firmicutes|c__Clostridia|o__Lachnospirales|f__Lachnospiraceae|g__Mediterraneibacter","2|1239|186801|3085636|186803|2316020",0.69926,"","genus","Mediterraneibacter"
"k__Bacteria|p__Firmicutes|c__Clostridia|o__Eubacteriales|f__Oscillospiraceae|g__Ruminococcus","2|1239|186801|186802|216572|1263",0.68978,"","genus","Ruminococcus"
"k__Bacteria|p__Bacteroidota|c__Bacteroidia|o__Bacteroidales|f__Bacteroidaceae|g__Phocaeicola","2|976|200643|171549|815|909656",0.6616,"","genus","Phocaeicola"
"k__Bacteria|p__Firmicutes|c__CFGB1776|o__OFGB1776|f__FGB1776|g__GGB4682","2|1239||||",0.64602,"","genus","GGB4682"
"k__Bacteria|p__Firmicutes|c__CFGB3054|o__OFGB3054|f__FGB3054|g__GGB9715","2|1239||||",0.63857,"","genus","GGB9715"
"k__Bacteria|p__Firmicutes|c__Clostridia|o__Lachnospirales|f__Lachnospiraceae|g__Dorea","2|1239|186801|3085636|186803|189330",0.61027,"","genus","Dorea"
"k__Bacteria|p__Firmicutes|c__Clostridia|o__Eubacteriales|f__Oscillospiraceae|g__Oscillibacter","2|1239|186801|186802|216572|459786",0.6003,"","genus","Oscillibacter"
"k__Bacteria|p__Actinomycetota|c__Coriobacteriia|o__Coriobacteriales|f__Coriobacteriaceae|g__Collinsella","2|201174|84998|84999|84107|102106",0.5598,"","genus","Collinsella"
"k__Bacteria|p__Firmicutes|c__Bacillota_unclassified|o__Bacillota_unclassified|f__Bacillota_unclassified|g__GGB9512","2|1239||||",0.55787,"","genus","GGB9512"
"k__Bacteria|p__Firmicutes|c__Clostridia|o__Lachnospirales|f__Lachnospiraceae|g__Anaerostipes","2|1239|186801|3085636|186803|207244",0.51097,"","genus","Anaerostipes"
"k__Bacteria|p__Firmicutes|c__Clostridia|o__Eubacteriales|f__Oscillospiraceae|g__GGB9627","2|1239|186801|186802|216572|",0.48439,"","genus","GGB9627"
"k__Bacteria|p__Firmicutes|c__CFGB51794|o__OFGB51794|f__FGB51794|g__GGB3328","2|1239||||",0.44317,"","genus","GGB3328"
"k__Bacteria|p__Firmicutes|c__Clostridia|o__Eubacteriales|f__Clostridiaceae|g__Clostridiaceae_unclassified","2|1239|186801|186802|31979|",0.43221,"","genus","Clostridiaceae_unclassified"
"k__Bacteria|p__Firmicutes|c__CFGB1765|o__OFGB1765|f__FGB1765|g__GGB4585","2|1239||||",0.38938,"","genus","GGB4585"
"k__Bacteria|p__Firmicutes|c__CFGB1765|o__OFGB1765|f__FGB1765|g__GGB4605","2|1239||||",0.38923,"","genus","GGB4605"
"k__Bacteria|p__Firmicutes|c__CFGB1354|o__OFGB1354|f__FGB1354|g__GGB13546","2|1239||||",0.38373,"","genus","GGB13546"
"k__Bacteria|p__Bacteroidota|c__Bacteroidia|o__Bacteroidales|f__Barnesiellaceae|g__Barnesiella","2|976|200643|171549|2005519|397864",0.35639,"","genus","Barnesiella"
"k__Bacteria|p__Firmicutes|c__CFGB1011|o__OFGB1011|f__FGB1011|g__GGB2653","2|1239||||",0.34155,"","genus","GGB2653"
"k__Bacteria|p__Firmicutes|c__Clostridia|o__Eubacteriales|f__Oscillospiraceae|g__GGB9634","2|1239|186801|186802|216572|",0.34092,"","genus","GGB9634"
"k__Bacteria|p__Bacteroidota|c__Bacteroidia|o__Bacteroidales|f__Tannerellaceae|g__Parabacteroides","2|976|200643|171549|2005525|375288",0.31575,"","genus","Parabacteroides"
"k__Bacteria|p__Firmicutes|c__Clostridia|o__Eubacteriales|f__Eubacteriales_unclassified|g__Gemmiger","2|1239|186801|186802||204475",0.29204,"","genus","Gemmiger"
"k__Bacteria|p__Firmicutes|c__Clostridia|o__Eubacteriales|f__Oscillospiraceae|g__Oscillospiraceae_unclassified","2|1239|186801|186802|216572|",0.28747,"","genus","Oscillospiraceae_unclassified"
"k__Bacteria|p__Firmicutes|c__CFGB1765|o__OFGB1765|f__FGB1765|g__GGB4584","2|1239||||",0.27218,"","genus","GGB4584"
"k__Bacteria|p__Firmicutes|c__Clostridia|o__Lachnospirales|f__Lachnospiraceae|g__Fusicatenibacter","2|1239|186801|3085636|186803|1407607",0.24117,"","genus","Fusicatenibacter"
"k__Bacteria|p__Firmicutes|c__Clostridia|o__Eubacteriales|f__Oscillospiraceae|g__Dysosmobacter","2|1239|186801|186802|216572|2591381",0.23904,"","genus","Dysosmobacter"
"k__Bacteria|p__Thermodesulfobacteriota|c__Desulfovibrionia|o__Desulfovibrionales|f__Desulfovibrionaceae|g__Bilophila","2|200940|3031449|213115|194924|35832",0.23842,"","genus","Bilophila"
"k__Bacteria|p__Firmicutes|c__Clostridia|o__Eubacteriales|f__Butyricicoccaceae|g__Agathobaculum","2|1239|186801|186802|3085642|2048137",0.2256,"","genus","Agathobaculum"
"k__Bacteria|p__Firmicutes|c__Clostridia|o__Lachnospirales|f__Lachnospiraceae|g__Coprococcus","2|1239|186801|3085636|186803|33042",0.20572,"","genus","Coprococcus"
"k__Bacteria|p__Firmicutes|c__Clostridia|o__Eubacteriales|f__Beduinellaceae|g__GGB9760","2|1239|186801|186802|3151707|",0.20165,"","genus","GGB9760"
"k__Bacteria|p__Bacteroidota|c__Bacteroidia|o__Bacteroidales|f__Rikenellaceae|g__GGB47688","2|976|200643|171549|171550|",0.17046,"","genus","GGB47688"
"k__Bacteria|p__Firmicutes|c__CFGB79315|o__OFGB79315|f__FGB79315|g__GGB9758","2|1239||||",0.16067,"","genus","GGB9758"
"k__Bacteria|p__Firmicutes|c__Erysipelotrichia|o__Erysipelotrichales|f__Coprobacillaceae|g__Faecalibacillus","2|1239|526524|526525|2810280|2678885",0.16024,"","genus","Faecalibacillus"
"k__Bacteria|p__Firmicutes|c__Clostridia|o__Lachnospirales|f__Lachnospiraceae|g__Lachnospiraceae_unclassified","2|1239|186801|3085636|186803|",0.14832,"","genus","Lachnospiraceae_unclassified"
"k__Bacteria|p__Firmicutes|c__Clostridia|o__Eubacteriales|f__Oscillospiraceae|g__Hominilimicola","2|1239|186801|186802|216572|3073565",0.14591,"","genus","Hominilimicola"
"k__Bacteria|p__Firmicutes|c__CFGB2982|o__OFGB2982|f__FGB2982|g__GGB9342","2|1239||||",0.14504,"","genus","GGB9342"
"k__Bacteria|p__Firmicutes|c__Clostridia|o__Eubacteriales|f__Clostridiaceae|g__Pilosibacter","2|1239|186801|186802|31979|3144345",0.13464,"","genus","Pilosibacter"
"k__Bacteria|p__Bacteroidota|c__CFGB658|o__OFGB658|f__FGB658|g__GGB101959","2|976||||",0.12721,"","genus","GGB101959"
"k__Bacteria|p__Bacteroidota|c__CFGB658|o__OFGB658|f__FGB658|g__GGB13054","2|976||||",0.12375,"","genus","GGB13054"
"k__Bacteria|p__Firmicutes|c__CFGB1765|o__OFGB1765|f__FGB1765|g__GGB4578","2|1239||||",0.11606,"","genus","GGB4578"
"k__Bacteria|p__Firmicutes|c__Clostridia|o__Eubacteriales|f__Oscillospiraceae|g__GGB9642","2|1239|186801|186802|216572|",0.11565,"","genus","GGB9642"
"k__Bacteria|p__Firmicutes|c__Clostridia|o__Lachnospirales|f__Anaerotignaceae|g__GGB100201","2|1239|186801|3085636|3118652|",0.11037,"","genus","GGB100201"
"k__Bacteria|p__Actinomycetota|c__Actinomycetes|o__Bifidobacteriales|f__Bifidobacteriaceae|g__Bifidobacterium","2|201174|1760|85004|31953|1678",0.10359,"","genus","Bifidobacterium"
"k__Bacteria|p__Firmicutes|c__Negativicutes|o__Acidaminococcales|f__Acidaminococcaceae|g__Phascolarctobacterium","2|1239|909932|1843488|909930|33024",0.10309,"","genus","Phascolarctobacterium"
"k__Bacteria|p__Firmicutes|c__Clostridia|o__Lachnospirales|f__Lachnospiraceae|g__GGB74412","2|1239|186801|3085636|186803|",0.10059,"","genus","GGB74412"
"k__Bacteria|p__Firmicutes|c__Clostridia|o__Lachnospirales|f__Lachnospiraceae|g__Agathobacter","2|1239|186801|3085636|186803|1766253",0.09211,"","genus","Agathobacter"
"k__Bacteria|p__Firmicutes|c__Clostridia|o__Eubacteriales|f__Oscillospiraceae|g__GGB9730","2|1239|186801|186802|216572|",0.08948,"","genus","GGB9730"
"k__Bacteria|p__Actinomycetota|c__Coriobacteriia|o__Eggerthellales|f__Eggerthellaceae|g__Slackia","2|201174|84998|1643822|1643826|84108",0.08841,"","genus","Slackia"
"k__Bacteria|p__Firmicutes|c__Clostridia|o__Eubacteriales|f__Oscillospiraceae|g__Ruthenibacterium","2|1239|186801|186802|216572|1905344",0.07164,"","genus","Ruthenibacterium"
"k__Bacteria|p__Pseudomonadota|c__Betaproteobacteria|o__Burkholderiales|f__Sutterellaceae|g__Sutterella","2|1224|28216|80840|995019|40544",0.0702,"","genus","Sutterella"
"k__Bacteria|p__Firmicutes|c__Clostridia|o__Eubacteriales|f__Oscillospiraceae|g__Lawsonibacter","2|1239|186801|186802|216572|2172004",0.06983,"","genus","Lawsonibacter"
"k__Bacteria|p__Bacteroidota|c__Bacteroidia|o__Bacteroidales|f__Prevotellaceae|g__GGB112856","2|976|200643|171549|171552|",0.0687,"","genus","GGB112856"
"k__Bacteria|p__Firmicutes|c__CFGB1765|o__OFGB1765|f__FGB1765|g__GGB4604","2|1239||||",0.06319,"","genus","GGB4604"
"k__Bacteria|p__Firmicutes|c__Bacillota_unclassified|o__Bacillota_unclassified|f__Bacillota_unclassified|g__GGB58485","2|1239||||",0.05824,"","genus","GGB58485"
"k__Bacteria|p__Firmicutes|c__Clostridia|o__Eubacteriales|f__Eubacteriales_Family_XIII_Incertae_Sedis|g__Lentihominibacter","2|1239|186801|186802|543314|2944200",0.05444,"","genus","Lentihominibacter"
"k__Bacteria|p__Firmicutes|c__Clostridia|o__Eubacteriales|f__Oscillospiraceae|g__GGB85099","2|1239|186801|186802|216572|",0.05424,"","genus","GGB85099"
"k__Bacteria|p__Firmicutes|c__CFGB94188|o__OFGB94188|f__FGB94188|g__GGB36398","2|1239||||",0.05315,"","genus","GGB36398"
"k__Bacteria|p__Actinomycetota|c__Coriobacteriia|o__Eggerthellales|f__Eggerthellaceae|g__GGB9365","2|201174|84998|1643822|1643826|",0.05143,"","genus","GGB9365"
"k__Bacteria|p__Firmicutes|c__CFGB1765|o__OFGB1765|f__FGB1765|g__GGB4603","2|1239||||",0.05116,"","genus","GGB4603"
"k__Bacteria|p__Bacteroidota|c__Bacteroidia|o__Bacteroidales|f__Odoribacteraceae|g__Odoribacter","2|976|200643|171549|1853231|283168",0.04722,"","genus","Odoribacter"
"k__Bacteria|p__Firmicutes|c__Clostridia|o__Lachnospirales|f__Lachnospiraceae|g__Faecalicatena","2|1239|186801|3085636|186803|2005359",0.04623,"","genus","Faecalicatena"
"k__Bacteria|p__Firmicutes|c__Clostridia|o__Lachnospirales|f__Lachnospiraceae|g__Enterocloster","2|1239|186801|3085636|186803|2719313",0.04604,"","genus","Enterocloster"
"k__Bacteria|p__Firmicutes|c__Clostridia|o__Eubacteriales|f__Oscillospiraceae|g__GGB9739","2|1239|186801|186802|216572|",0.04462,"","genus","GGB9739"
"k__Bacteria|p__Bacteroidota|c__CFGB658|o__OFGB658|f__FGB658|g__GGB13056","2|976||||",0.04397,"","genus","GGB13056"
"k__Bacteria|p__Bacteroidota|c__Bacteroidia|o__Bacteroidales|f__Rikenellaceae|g__GGB81820","2|976|200643|171549|171550|",0.04203,"","genus","GGB81820"
"k__Bacteria|p__Firmicutes|c__CFGB3048|o__OFGB3048|f__FGB3048|g__GGB9561","2|1239||||",0.042,"","genus","GGB9561"
"k__Bacteria|p__Firmicutes|c__Erysipelotrichia|o__Erysipelotrichales|f__Erysipelotrichaceae|g__Holdemania","2|1239|526524|526525|128827|61170",0.03949,"","genus","Holdemania"
"k__Bacteria|p__Firmicutes|c__Clostridia|o__Eubacteriales|f__Oscillospiraceae|g__GGB9667","2|1239|186801|186802|216572|",0.03937,"","genus","GGB9667"
"k__Bacteria|p__Firmicutes|c__Clostridia|o__Lachnospirales|f__Anaerotignaceae|g__GGB85781","2|1239|186801|3085636|3118652|",0.03684,"","genus","GGB85781"
"k__Bacteria|p__Firmicutes|c__CFGB79291|o__OFGB79291|f__FGB79291|g__GGB9522","2|1239||||",0.03626,"","genus","GGB9522"
"k__Bacteria|p__Firmicutes|c__Clostridia|o__Eubacteriales|f__Oscillospiraceae|g__GGB13456","2|1239|186801|186802|216572|",0.03618,"","genus","GGB13456"
"k__Bacteria|p__Firmicutes|c__CFGB3038|o__OFGB3038|f__FGB3038|g__GGB9531","2|1239||||",0.03562,"","genus","GGB9531"
"k__Bacteria|p__Bacteroidota|c__Bacteroidia|o__Bacteroidales|f__Prevotellaceae|g__GGB99566","2|976|200643|171549|171552|",0.03558,"","genus","GGB99566"
"k__Bacteria|p__Firmicutes|c__Clostridia|o__Eubacteriales|f__Oscillospiraceae|g__GGB143455","2|1239|186801|186802|216572|",0.03431,"","genus","GGB143455"
"k__Bacteria|p__Firmicutes|c__Clostridia|o__Eubacteriales|f__Oscillospiraceae|g__GGB128308","2|1239|186801|186802|216572|",0.03218,"","genus","GGB128308"
"k__Bacteria|p__Bacteroidota|c__Bacteroidia|o__Bacteroidales|f__Rikenellaceae|g__Rikenellaceae_unclassified","2|976|200643|171549|171550|",0.03121,"","genus","Rikenellaceae_unclassified"
"k__Bacteria|p__Actinomycetota|c__Coriobacteriia|o__Eggerthellales|f__Eggerthellaceae|g__Adlercreutzia","2|201174|84998|1643822|1643826|447020",0.03012,"","genus","Adlercreutzia"
"k__Bacteria|p__Firmicutes|c__Clostridia|o__Lachnospirales|f__Anaerotignaceae|g__GGB79453","2|1239|186801|3085636|3118652|",0.02927,"","genus","GGB79453"
"k__Bacteria|p__Firmicutes|c__CFGB88349|o__OFGB88349|f__FGB88349|g__GGB2970","2|1239||||",0.02891,"","genus","GGB2970"
"k__Bacteria|p__Firmicutes|c__Clostridia|o__Lachnospirales|f__Lachnospiraceae|g__GGB102651","2|1239|186801|3085636|186803|",0.02814,"","genus","GGB102651"
"k__Bacteria|p__Firmicutes|c__Clostridia|o__Peptostreptococcales|f__Anaerovoracaceae|g__GGB51139","2|1239|186801|3082720|3030910|",0.02796,"","genus","GGB51139"
"k__Bacteria|p__Bacteroidota|c__Bacteroidia|o__Bacteroidales|f__Bacteroidaceae|g__GGB112244","2|976|200643|171549|815|",0.02786,"","genus","GGB112244"
"k__Bacteria|p__Firmicutes|c__CFGB1374|o__OFGB1374|f__FGB1374|g__GGB3352","2|1239||||",0.02753,"","genus","GGB3352"
"k__Bacteria|p__Firmicutes|c__CFGB15212|o__OFGB15212|f__FGB15212|g__GGB41458","2|1239||||",0.02752,"","genus","GGB41458"
"k__Bacteria|p__Firmicutes|c__Clostridia|o__Eubacteriales|f__Oscillospiraceae|g__Flavonifractor","2|1239|186801|186802|216572|946234",0.02605,"","genus","Flavonifractor"
"k__Bacteria|p__Actinomycetota|c__Coriobacteriia|o__Eggerthellales|f__Eggerthellaceae|g__GGB9423","2|201174|84998|1643822|1643826|",0.02588,"","genus","GGB9423"
"k__Bacteria|p__Firmicutes|c__Clostridia|o__Eubacteriales|f__Acutalibacteraceae|g__GGB38744","2|1239|186801|186802|3082771|",0.02572,"","genus","GGB38744"
"k__Bacteria|p__Firmicutes|c__Clostridia|o__Eubacteriales|f__Acutalibacteraceae|g__Pseudoruminococcus","2|1239|186801|186802|3082771|2721119",0.02537,"","genus","Pseudoruminococcus"
"k__Bacteria|p__Firmicutes|c__CFGB1217|o__OFGB1217|f__FGB1217|g__GGB2982","2|1239||||",0.02457,"","genus","GGB2982"
"k__Bacteria|p__Firmicutes|c__CFGB3023|o__OFGB3023|f__FGB3023|g__GGB9502","2|1239||||",0.02436,"","genus","GGB9502"
"k__Bacteria|p__Firmicutes|c__Clostridia|o__Lachnospirales|f__Lachnospiraceae|g__Anaerosacchariphilus","2|1239|186801|3085636|186803|2678884",0.02431,"","genus","Anaerosacchariphilus"
"k__Bacteria|p__Firmicutes|c__CFGB1776|o__OFGB1776|f__FGB1776|g__GGB78732","2|1239||||",0.0233,"","genus","GGB78732"
"k__Bacteria|p__Firmicutes|c__Clostridia|o__Lachnospirales|f__Lachnospiraceae|g__GGB3680","2|1239|186801|3085636|186803|",0.02227,"","genus","GGB3680"
"k__Bacteria|p__Bacteroidota|c__Bacteroidia|o__Bacteroidales|f__Prevotellaceae|g__GGB74405","2|976|200643|171549|171552|",0.02191,"","genus","GGB74405"
"k__Bacteria|p__Firmicutes|c__Clostridia|o__Lachnospirales|f__Anaerotignaceae|g__GGB85780","2|1239|186801|3085636|3118652|",0.02173,"","genus","GGB85780"
"k__Bacteria|p__Firmicutes|c__CFGB2960|o__OFGB2960|f__FGB2960|g__GGB9302","2|1239||||",0.02128,"","genus","GGB9302"
"k__Bacteria|p__Firmicutes|c__Clostridia|o__Lachnospirales|f__Anaerotignaceae|g__GGB37543","2|1239|186801|3085636|3118652|",0.02115,"","genus","GGB37543"
"k__Bacteria|p__Bacteroidota|c__Bacteroidia|o__Bacteroidales|f__Rikenellaceae|g__GGB101772","2|976|200643|171549|171550|",0.02102,"","genus","GGB101772"
"k__Bacteria|p__Firmicutes|c__Clostridia|o__Eubacteriales|f__Oscillospiraceae|g__GGB45590","2|1239|186801|186802|216572|",0.02048,"","genus","GGB45590"
"k__Bacteria|p__Thermodesulfobacteriota|c__Desulfovibrionia|o__Desulfovibrionales|f__Desulfovibrionaceae|g__GGB9815","2|200940|3031449|213115|194924|",0.01911,"","genus","GGB9815"
"k__Bacteria|p__Firmicutes|c__Clostridia|o__Eubacteriales|f__Oscillospiraceae|g__GGB13488","2|1239|186801|186802|216572|",0.01873,"","genus","GGB13488"
"k__Bacteria|p__Firmicutes|c__Clostridia|o__Eubacteriales|f__Oscillospiraceae|g__Hydrogenoanaerobacterium","2|1239|186801|186802|216572|596767",0.0173,"","genus","Hydrogenoanaerobacterium"
"k__Bacteria|p__Firmicutes|c__Clostridia|o__Lachnospirales|f__Lachnospiraceae|g__Lachnospira","2|1239|186801|3085636|186803|28050",0.01725,"","genus","Lachnospira"
"k__Bacteria|p__Bacteroidota|c__Bacteroidia|o__Bacteroidales|f__Rikenellaceae|g__GGB1688","2|976|200643|171549|171550|",0.01618,"","genus","GGB1688"
"k__Bacteria|p__Bacteroidota|c__Bacteroidia|o__Bacteroidales|f__Prevotellaceae|g__GGB99578","2|976|200643|171549|171552|",0.0158,"","genus","GGB99578"
"k__Bacteria|p__Bacteroidota|c__Bacteroidia|o__Bacteroidales|f__Bacteroidaceae|g__GGB28262","2|976|200643|171549|815|",0.01547,"","genus","GGB28262"
"k__Bacteria|p__Firmicutes|c__Clostridia|o__Eubacteriales|f__Oscillospiraceae|g__Anaerotruncus","2|1239|186801|186802|216572|244127",0.01519,"","genus","Anaerotruncus"
"k__Bacteria|p__Firmicutes|c__Clostridia|o__Eubacteriales|f__Oscillospiraceae|g__GGB9734","2|1239|186801|186802|216572|",0.01504,"","genus","GGB9734"
"k__Bacteria|p__Firmicutes|c__Bacilli|o__Lactobacillales|f__Streptococcaceae|g__Streptococcus","2|1239|91061|186826|1300|1301",0.01504,"","genus","Streptococcus"
"k__Bacteria|p__Firmicutes|c__CFGB1765|o__OFGB1765|f__FGB1765|g__GGB101175","2|1239||||",0.01497,"","genus","GGB101175"
"k__Bacteria|p__Firmicutes|c__Clostridia|o__Eubacteriales|f__Eubacteriaceae|g__Eubacteriaceae_unclassified","2|1239|186801|186802|186806|",0.01491,"","genus","Eubacteriaceae_unclassified"
"k__Bacteria|p__Firmicutes|c__CFGB1776|o__OFGB1776|f__FGB1776|g__GGB4681","2|1239||||",0.01465,"","genus","GGB4681"
"k__Bacteria|p__Firmicutes|c__CFGB36777|o__OFGB36777|f__FGB36777|g__GGB36777","2|1239||||",0.01427,"","genus","GGB36777"
"k__Bacteria|p__Firmicutes|c__Clostridia|o__Lachnospirales|f__Lachnospiraceae|g__Anthropogastromicrobium","2|1239|186801|3085636|186803|2981630",0.01395,"","genus","Anthropogastromicrobium"
"k__Bacteria|p__Firmicutes|c__Clostridia|o__Eubacteriales|f__Oscillospiraceae|g__GGB51663","2|1239|186801|186802|216572|",0.01355,"","genus","GGB51663"
"k__Bacteria|p__Firmicutes|c__CFGB1765|o__OFGB1765|f__FGB1765|g__GGB4561","2|1239||||",0.0135,"","genus","GGB4561"
"k__Bacteria|p__Firmicutes|c__CFGB1765|o__OFGB1765|f__FGB1765|g__GGB31769","2|1239||||",0.01348,"","genus","GGB31769"
"k__Bacteria|p__Firmicutes|c__Clostridia|o__Lachnospirales|f__Lachnospiraceae|g__GGB86166","2|1239|186801|3085636|186803|",0.01338,"","genus","GGB86166"
"k__Bacteria|p__Firmicutes|c__Clostridia|o__Lachnospirales|f__Lachnospiraceae|g__GGB38239","2|1239|186801|3085636|186803|",0.01263,"","genus","GGB38239"
"k__Bacteria|p__Firmicutes|c__Clostridia|o__Eubacteriales|f__Oscillospiraceae|g__GGB45600","2|1239|186801|186802|216572|",0.01256,"","genus","GGB45600"
"k__Bacteria|p__Firmicutes|c__CFGB3057|o__OFGB3057|f__FGB3057|g__GGB9719","2|1239||||",0.01241,"","genus","GGB9719"
"k__Bacteria|p__Firmicutes|c__Clostridia|o__Eubacteriales|f__Eubacteriales_unclassified|g__Eubacteriales_unclassified","2|1239|186801|186802||",0.01238,"","genus","Eubacteriales_unclassified"
"k__Bacteria|p__Bacteroidota|c__Bacteroidia|o__Bacteroidales|f__Bacteroidaceae|g__GGB46133","2|976|200643|171549|815|",0.01176,"","genus","GGB46133"
"k__Bacteria|p__Firmicutes|c__Clostridia|o__Lachnospirales|f__Lachnospiraceae|g__GGB51491","2|1239|186801|3085636|186803|",0.01145,"","genus","GGB51491"
"k__Bacteria|p__Bacteroidota|c__Bacteroidia|o__Bacteroidales|f__Rikenellaceae|g__GGB27792","2|976|200643|171549|171550|",0.01119,"","genus","GGB27792"
"k__Bacteria|p__Bacteria_unclassified|c__Bacteria_unclassified|o__Bacteria_unclassified|f__Bacteria_unclassified|g__Bacteria_unclassified","2|||||",0.01109,"","genus","Bacteria_unclassified"
"k__Bacteria|p__Firmicutes|c__CFGB1765|o__OFGB1765|f__FGB1765|g__GGB4572","2|1239||||",0.01092,"","genus","GGB4572"
"k__Bacteria|p__Firmicutes|c__Clostridia|o__Christensenellales|f__Christensenellaceae|g__Christensenella","2|1239|186801|3082768|990719|990721",0.01091,"","genus","Christensenella"
"k__Bacteria|p__Firmicutes|c__Clostridia|o__Eubacteriales|f__Oscillospiraceae|g__Merdimmobilis","2|1239|186801|186802|216572|3028852",0.01087,"","genus","Merdimmobilis"
"k__Bacteria|p__Firmicutes|c__Clostridia|o__Eubacteriales|f__Oscillospiraceae|g__GGB143267","2|1239|186801|186802|216572|",0.01085,"","genus","GGB143267"
"k__Bacteria|p__Firmicutes|c__CFGB1765|o__OFGB1765|f__FGB1765|g__GGB37149","2|1239||||",0.01059,"","genus","GGB37149"
"k__Bacteria|p__Firmicutes|c__CFGB1765|o__OFGB1765|f__FGB1765|g__GGB4595","2|1239||||",0.01042,"","genus","GGB4595"
"k__Bacteria|p__Bacteroidota|c__Bacteroidia|o__Bacteroidales|f__Bacteroidaceae|g__GGB82120","2|976|200643|171549|815|",0.01041,"","genus","GGB82120"
"k__Bacteria|p__Firmicutes|c__Bacillota_unclassified|o__Bacillota_unclassified|f__Bacillota_unclassified|g__GGB101075","2|1239||||",0.01039,"","genus","GGB101075"
"k__Bacteria|p__Bacteroidota|c__CFGB95179|o__OFGB95179|f__FGB95179|g__GGB1350","2|976||||",0.01019,"","genus","GGB1350"
"k__Bacteria|p__Firmicutes|c__CFGB1776|o__OFGB1776|f__FGB1776|g__GGB4684","2|1239||||",0.01019,"","genus","GGB4684"
"k__Bacteria|p__Firmicutes|c__Clostridia|o__Eubacteriales|f__Oscillospiraceae|g__GGB9646","2|1239|186801|186802|216572|",0.01015,"","genus","GGB9646"
"k__Bacteria|p__Bacteroidota|c__Bacteroidia|o__Bacteroidales|f__Rikenellaceae|g__GGB141603","2|976|200643|171549|171550|",0.01007,"","genus","GGB141603"
"k__Bacteria|p__Bacteroidota|c__CFGB658|o__OFGB658|f__FGB658|g__GGB81737","2|976||||",0.00995,"","genus","GGB81737"
"k__Bacteria|p__Firmicutes|c__Clostridia|o__Lachnospirales|f__Lachnospiraceae|g__GGB51382","2|1239|186801|3085636|186803|",0.00959,"","genus","GGB51382"
"k__Bacteria|p__Firmicutes|c__Clostridia|o__Eubacteriales|f__Oscillospiraceae|g__Neopoerus","2|1239|186801|186802|216572|3056359",0.00955,"","genus","Neopoerus"
"k__Bacteria|p__Firmicutes|c__Clostridia|o__Lachnospirales|f__Lachnospiraceae|g__GGB3588","2|1239|186801|3085636|186803|",0.00948,"","genus","GGB3588"
"k__Bacteria|p__Firmicutes|c__Clostridia|o__Eubacteriales|f__Oscillospiraceae|g__GGB85106","2|1239|186801|186802|216572|",0.0094,"","genus","GGB85106"
"k__Bacteria|p__Bacteroidota|c__Bacteroidia|o__Bacteroidales|f__Bacteroidaceae|g__GGB28265","2|976|200643|171549|815|",0.00924,"","genus","GGB28265"
"k__Bacteria|p__Firmicutes|c__CFGB3048|o__OFGB3048|f__FGB3048|g__GGB9559","2|1239||||",0.00924,"","genus","GGB9559"
"k__Bacteria|p__Firmicutes|c__CFGB1765|o__OFGB1765|f__FGB1765|g__GGB4581","2|1239||||",0.00913,"","genus","GGB4581"
"k__Bacteria|p__Firmicutes|c__CFGB93863|o__OFGB93863|f__FGB93863|g__GGB45613","2|1239||||",0.00895,"","genus","GGB45613"
"k__Bacteria|p__Bacteroidota|c__Bacteroidia|o__Bacteroidales|f__Rikenellaceae|g__GGB81814","2|976|200643|171549|171550|",0.00884,"","genus","GGB81814"
"k__Bacteria|p__Firmicutes|c__CFGB1776|o__OFGB1776|f__FGB1776|g__GGB50702","2|1239||||",0.00869,"","genus","GGB50702"
"k__Bacteria|p__Firmicutes|c__CFGB4605|o__OFGB4605|f__FGB4605|g__GGB13404","2|1239||||",0.0085,"","genus","GGB13404"
"k__Bacteria|p__Firmicutes|c__CFGB1765|o__OFGB1765|f__FGB1765|g__GGB4589","2|1239||||",0.0085,"","genus","GGB4589"
"k__Bacteria|p__Firmicutes|c__CFGB1765|o__OFGB1765|f__FGB1765|g__GGB4568","2|1239||||",0.00843,"","genus","GGB4568"
"k__Bacteria|p__Firmicutes|c__Clostridia|o__Lachnospirales|f__Lachnospiraceae|g__GGB3430","2|1239|186801|3085636|186803|",0.00824,"","genus","GGB3430"
"k__Bacteria|p__Bacteroidota|c__Bacteroidia|o__Bacteroidales|f__Rikenellaceae|g__GGB1683","2|976|200643|171549|171550|",0.00801,"","genus","GGB1683"
"k__Bacteria|p__Firmicutes|c__Clostridia|o__Eubacteriales|f__Clostridiaceae|g__GGB3532","2|1239|186801|186802|31979|",0.00792,"","genus","GGB3532"
"k__Bacteria|p__Bacteroidota|c__Bacteroidia|o__Bacteroidales|f__Bacteroidaceae|g__GGB28271","2|976|200643|171549|815|",0.00777,"","genus","GGB28271"
"k__Bacteria|p__Firmicutes|c__Clostridia|o__Lachnospirales|f__Lachnospiraceae|g__GGB81342","2|1239|186801|3085636|186803|",0.00774,"","genus","GGB81342"
"k__Bacteria|p__Firmicutes|c__CFGB1765|o__OFGB1765|f__FGB1765|g__GGB31804","2|1239||||",0.00748,"","genus","GGB31804"
"k__Bacteria|p__Bacteroidota|c__Bacteroidia|o__Bacteroidales|f__Bacteroidaceae|g__GGB102246","2|976|200643|171549|815|",0.00738,"","genus","GGB102246"
"k__Bacteria|p__Bacteroidota|c__Bacteroidia|o__Bacteroidales|f__Rikenellaceae|g__GGB27788","2|976|200643|171549|171550|",0.00738,"","genus","GGB27788"
"k__Bacteria|p__Firmicutes|c__Clostridia|o__Eubacteriales|f__Oscillospiraceae|g__GGB51604","2|1239|186801|186802|216572|",0.00736,"","genus","GGB51604"
"k__Bacteria|p__Firmicutes|c__Clostridia|o__Eubacteriales|f__Oscillospiraceae|g__GGB45599","2|1239|186801|186802|216572|",0.00708,"","genus","GGB45599"
"k__Bacteria|p__Firmicutes|c__Clostridia|o__Lachnospirales|f__Lachnospiraceae|g__GGB116022","2|1239|186801|3085636|186803|",0.00701,"","genus","GGB116022"
"k__Bacteria|p__Firmicutes|c__CFGB1765|o__OFGB1765|f__FGB1765|g__GGB118817","2|1239||||",0.00686,"","genus","GGB118817"
"k__Bacteria|p__Firmicutes|c__Clostridia|o__Lachnospirales|f__Lachnospiraceae|g__Hominiventricola","2|1239|186801|3085636|186803|3073584",0.0068,"","genus","Hominiventricola"
"k__Bacteria|p__Firmicutes|c__Clostridia|o__Lachnospirales|f__Lachnospiraceae|g__GGB42545","2|1239|186801|3085636|186803|",0.00678,"","genus","GGB42545"
"k__Bacteria|p__Firmicutes|c__Clostridia|o__Eubacteriales|f__Oscillospiraceae|g__GGB81330","2|1239|186801|186802|216572|",0.00673,"","genus","GGB81330"
"k__Bacteria|p__Pseudomonadota|c__Gammaproteobacteria|o__Enterobacterales|f__Enterobacteriaceae|g__Escherichia","2|1224|1236|91347|543|561",0.00668,"","genus","Escherichia"
"k__Bacteria|p__Firmicutes|c__CFGB79330|o__OFGB79330|f__FGB79330|g__GGB3005","2|1239||||",0.00664,"","genus","GGB3005"
"k__Bacteria|p__Firmicutes|c__CFGB9773|o__OFGB9773|f__FGB9773|g__GGB51300","2|1239||||",0.00658,"","genus","GGB51300"
"k__Bacteria|p__Firmicutes|c__Clostridia|o__Lachnospirales|f__Anaerotignaceae|g__GGB51518","2|1239|186801|3085636|3118652|",0.00636,"","genus","GGB51518"
"k__Bacteria|p__Bacteroidota|c__Bacteroidia|o__Bacteroidales|f__Bacteroidaceae|g__GGB1359","2|976|200643|171549|815|",0.0058,"","genus","GGB1359"
"k__Bacteria|p__Firmicutes|c__Clostridia|o__Lachnospirales|f__Lachnospiraceae|g__GGB86349","2|1239|186801|3085636|186803|",0.00573,"","genus","GGB86349"
"k__Bacteria|p__Firmicutes|c__Clostridia|o__Eubacteriales|f__Oscillospiraceae|g__GGB25333","2|1239|186801|186802|216572|",0.00566,"","genus","GGB25333"
"k__Bacteria|p__Firmicutes|c__CFGB3054|o__OFGB3054|f__FGB3054|g__GGB30355","2|1239||||",0.00566,"","genus","GGB30355"
"k__Bacteria|p__Firmicutes|c__Clostridia|o__Eubacteriales|f__Clostridiaceae|g__GGB85896","2|1239|186801|186802|31979|",0.00566,"","genus","GGB85896"
"k__Bacteria|p__Firmicutes|c__CFGB1765|o__OFGB1765|f__FGB1765|g__GGB4597","2|1239||||",0.00555,"","genus","GGB4597"
"k__Bacteria|p__Firmicutes|c__Clostridia|o__Eubacteriales|f__Clostridiaceae|g__GGB3528","2|1239|186801|186802|31979|",0.00554,"","genus","GGB3528"
"k__Bacteria|p__Bacteroidota|c__Bacteroidia|o__Bacteroidales|f__Rikenellaceae|g__GGB81821","2|976|200643|171549|171550|",0.0054,"","genus","GGB81821"
"k__Bacteria|p__Bacteroidota|c__Bacteroidia|o__Bacteroidales|f__Rikenellaceae|g__GGB111991","2|976|200643|171549|171550|",0.00536,"","genus","GGB111991"
"k__Bacteria|p__Firmicutes|c__CFGB2997|o__OFGB2997|f__FGB2997|g__GGB9444","2|1239||||",0.00533,"","genus","GGB9444"
"k__Bacteria|p__Firmicutes|c__CFGB1776|o__OFGB1776|f__FGB1776|g__GGB27033","2|1239||||",0.00521,"","genus","GGB27033"
"k__Bacteria|p__Firmicutes|c__Clostridia|o__Eubacteriales|f__Oscillospiraceae|g__GGB88931","2|1239|186801|186802|216572|",0.00519,"","genus","GGB88931"
"k__Bacteria|p__Bacteroidota|c__Bacteroidia|o__Bacteroidales|f__Bacteroidaceae|g__Jilunia","2|976|200643|171549|815|2983509",0.00516,"","genus","Jilunia"
"k__Bacteria|p__Firmicutes|c__Clostridia|o__Eubacteriales|f__Oscillospiraceae|g__Neobittarella_ex_Bilen_et_al_2018","2|1239|186801|186802|216572|2126544",0.00513,"","genus","Neobittarella_ex_Bilen_et_al_2018"
"k__Bacteria|p__Firmicutes|c__Negativicutes|o__Acidaminococcales|f__Acidaminococcaceae|g__GGB4257","2|1239|909932|1843488|909930|",0.00509,"","genus","GGB4257"
"k__Bacteria|p__Firmicutes|c__Clostridia|o__Eubacteriales|f__Butyricicoccaceae|g__Butyricicoccus","2|1239|186801|186802|3085642|580596",0.00494,"","genus","Butyricicoccus"
"k__Bacteria|p__Bacteroidota|c__Bacteroidia|o__Bacteroidales|f__Bacteroidaceae|g__Mediterranea","2|976|200643|171549|815|1926659",0.00492,"","genus","Mediterranea"
"k__Bacteria|p__Firmicutes|c__Clostridia|o__Eubacteriales|f__Oscillospiraceae|g__GGB35941","2|1239|186801|186802|216572|",0.00489,"","genus","GGB35941"
"k__Bacteria|p__Firmicutes|c__Bacillota_unclassified|o__Bacillota_unclassified|f__Bacillota_unclassified|g__GGB52002","2|1239||||",0.00483,"","genus","GGB52002"
"k__Bacteria|p__Firmicutes|c__CFGB1765|o__OFGB1765|f__FGB1765|g__GGB118853","2|1239||||",0.00482,"","genus","GGB118853"
"k__Bacteria|p__Firmicutes|c__Clostridia|o__Eubacteriales|f__Oscillospiraceae|g__GGB9628","2|1239|186801|186802|216572|",0.0048,"","genus","GGB9628"
"k__Bacteria|p__Firmicutes|c__Clostridia|o__Lachnospirales|f__Lachnospiraceae|g__GGB13283","2|1239|186801|3085636|186803|",0.00474,"","genus","GGB13283"
"k__Bacteria|p__Firmicutes|c__Clostridia|o__Lachnospirales|f__Lachnospiraceae|g__GGB51454","2|1239|186801|3085636|186803|",0.00474,"","genus","GGB51454"
"k__Bacteria|p__Bacteroidota|c__Bacteroidia|o__Bacteroidales|f__Barnesiellaceae|g__GGB112402","2|976|200643|171549|2005519|",0.00469,"","genus","GGB112402"
"k__Bacteria|p__Firmicutes|c__Clostridia|o__Lachnospirales|f__Lachnospiraceae|g__GGB3626","2|1239|186801|3085636|186803|",0.00469,"","genus","GGB3626"
"k__Bacteria|p__Firmicutes|c__Clostridia|o__Eubacteriales|f__Oscillospiraceae|g__GGB85108","2|1239|186801|186802|216572|",0.00461,"","genus","GGB85108"
"k__Bacteria|p__Bacteroidota|c__Bacteroidia|o__Bacteroidales|f__Bacteroidaceae|g__GGB47742","2|976|200643|171549|815|",0.0046,"","genus","GGB47742"
"k__Bacteria|p__Firmicutes|c__CFGB1765|o__OFGB1765|f__FGB1765|g__GGB4598","2|1239||||",0.00453,"","genus","GGB4598"
"k__Bacteria|p__Bacteroidota|c__Bacteroidia|o__Bacteroidales|f__Bacteroidaceae|g__GGB1374","2|976|200643|171549|815|",0.0045,"","genus","GGB1374"
"k__Bacteria|p__Firmicutes|c__CFGB1765|o__OFGB1765|f__FGB1765|g__GGB31783","2|1239||||",0.00444,"","genus","GGB31783"
"k__Bacteria|p__Firmicutes|c__CFGB3034|o__OFGB3034|f__FGB3034|g__GGB45614","2|1239||||",0.00435,"","genus","GGB45614"
"k__Bacteria|p__Firmicutes|c__Clostridia|o__Lachnospirales|f__Lachnospiraceae|g__GGB3593","2|1239|186801|3085636|186803|",0.00429,"","genus","GGB3593"
"k__Bacteria|p__Firmicutes|c__CFGB1776|o__OFGB1776|f__FGB1776|g__GGB119389","2|1239||||",0.00428,"","genus","GGB119389"
"k__Bacteria|p__Firmicutes|c__Clostridia|o__Eubacteriales|f__Oscillospiraceae|g__GGB45596","2|1239|186801|186802|216572|",0.00419,"","genus","GGB45596"
"k__Bacteria|p__Firmicutes|c__Clostridia|o__Eubacteriales|f__Oscillospiraceae|g__GGB30424","2|1239|186801|186802|216572|",0.00403,"","genus","GGB30424"
"k__Bacteria|p__Firmicutes|c__CFGB1765|o__OFGB1765|f__FGB1765|g__GGB4593","2|1239||||",0.00403,"","genus","GGB4593"
"k__Bacteria|p__Firmicutes|c__Clostridia|o__Lachnospirales|f__Lachnospiraceae|g__GGB51435","2|1239|186801|3085636|186803|",0.0038,"","genus","GGB51435"
"k__Bacteria|p__Bacteroidota|c__Bacteroidia|o__Bacteroidales|f__Rikenellaceae|g__GGB111989","2|976|200643|171549|171550|",0.00373,"","genus","GGB111989"
"k__Bacteria|p__Firmicutes|c__CFGB1765|o__OFGB1765|f__FGB1765|g__GGB31803","2|1239||||",0.00373,"","genus","GGB31803"
"k__Bacteria|p__Bacteroidota|c__CFGB77894|o__OFGB77894|f__FGB77894|g__GGB112612","2|976||||",0.00371,"","genus","GGB112612"
"k__Bacteria|p__Firmicutes|c__Clostridia|o__Lachnospirales|f__Lachnospiraceae|g__Lachnoclostridium","2|1239|186801|3085636|186803|1506553",0.00362,"","genus","Lachnoclostridium"
"k__Bacteria|p__Firmicutes|c__CFGB1765|o__OFGB1765|f__FGB1765|g__GGB75935","2|1239||||",0.00351,"","genus","GGB75935"
"k__Bacteria|p__Bacteroidota|c__Bacteroidia|o__Bacteroidales|f__Bacteroidaceae|g__GGB77009","2|976|200643|171549|815|",0.00342,"","genus","GGB77009"
"k__Bacteria|p__Firmicutes|c__Clostridia|o__Lachnospirales|f__Lachnospiraceae|g__Lachnotalea","2|1239|186801|3085636|186803|1763508",0.00338,"","genus","Lachnotalea"
"k__Bacteria|p__Firmicutes|c__Clostridia|o__Eubacteriales|f__Oscillospiraceae|g__GGB128310","2|1239|186801|186802|216572|",0.00333,"","genus","GGB128310"
"k__Bacteria|p__Bacteroidota|c__CFGB629|o__OFGB629|f__FGB629|g__GGB102322","2|976||||",0.00331,"","genus","GGB102322"
"k__Bacteria|p__Firmicutes|c__CFGB82250|o__OFGB82250|f__FGB82250|g__GGB9350","2|1239||||",0.00331,"","genus","GGB9350"
"k__Bacteria|p__Firmicutes|c__CFGB3047|o__OFGB3047|f__FGB3047|g__GGB52130","2|1239||||",0.00323,"","genus","GGB52130"
"k__Bacteria|p__Firmicutes|c__Clostridia|o__Eubacteriales|f__Oscillospiraceae|g__GGB52222","2|1239|186801|186802|216572|",0.00323,"","genus","GGB52222"
"k__Bacteria|p__Firmicutes|c__Clostridia|o__Eubacteriales|f__Oscillospiraceae|g__GGB9469","2|1239|186801|186802|216572|",0.00321,"","genus","GGB9469"
"k__Bacteria|p__Firmicutes|c__Clostridia|o__Eubacteriales|f__Oscillospiraceae|g__GGB143264","2|1239|186801|186802|216572|",0.00317,"","genus","GGB143264"
"k__Bacteria|p__Firmicutes|c__Clostridia|o__Lachnospirales|f__Lachnospiraceae|g__GGB3531","2|1239|186801|3085636|186803|",0.00313,"","genus","GGB3531"
"k__Bacteria|p__Firmicutes|c__CFGB1765|o__OFGB1765|f__FGB1765|g__GGB75944","2|1239||||",0.00313,"","genus","GGB75944"
"k__Bacteria|p__Bacteroidota|c__CFGB658|o__OFGB658|f__FGB658|g__GGB81736","2|976||||",0.0031,"","genus","GGB81736"
"k__Bacteria|p__Firmicutes|c__Clostridia|o__Lachnospirales|f__Lachnospiraceae|g__GGB3095","2|1239|186801|3085636|186803|",0.00302,"","genus","GGB3095"
"k__Bacteria|p__Bacteroidota|c__Bacteroidia|o__Bacteroidales|f__Rikenellaceae|g__GGB50442","2|976|200643|171549|171550|",0.003,"","genus","GGB50442"
"k__Bacteria|p__Firmicutes|c__Clostridia|o__Lachnospirales|f__Lachnospiraceae|g__GGB3611","2|1239|186801|3085636|186803|",0.00289,"","genus","GGB3611"
"k__Bacteria|p__Bacteroidota|c__Bacteroidia|o__Bacteroidales|f__Tannerellaceae|g__GGB77017","2|976|200643|171549|2005525|",0.00287,"","genus","GGB77017"
"k__Bacteria|p__Bacteroidota|c__Bacteroidia|o__Bacteroidales|f__Bacteroidaceae|g__GGB49985","2|976|200643|171549|815|",0.00274,"","genus","GGB49985"
"k__Bacteria|p__Firmicutes|c__Clostridia|o__Lachnospirales|f__Lachnospiraceae|g__GGB40600","2|1239|186801|3085636|186803|",0.00273,"","genus","GGB40600"
"k__Bacteria|p__Firmicutes|c__Clostridia|o__Eubacteriales|f__Oscillospiraceae|g__GGB100509","2|1239|186801|186802|216572|",0.00266,"","genus","GGB100509"
"k__Bacteria|p__Firmicutes|c__CFGB1765|o__OFGB1765|f__FGB1765|g__GGB4576","2|1239||||",0.00265,"","genus","GGB4576"
"k__Bacteria|p__Firmicutes|c__CFGB1765|o__OFGB1765|f__FGB1765|g__GGB4588","2|1239||||",0.00259,"","genus","GGB4588"
"k__Bacteria|p__Firmicutes|c__Clostridia|o__Eubacteriales|f__Butyricicoccaceae|g__GGB84991","2|1239|186801|186802|3085642|",0.00255,"","genus","GGB84991"
"k__Bacteria|p__Firmicutes|c__Clostridia|o__Eubacteriales|f__Oscillospiraceae|g__GGB58209","2|1239|186801|186802|216572|",0.00254,"","genus","GGB58209"
"k__Bacteria|p__Firmicutes|c__CFGB1765|o__OFGB1765|f__FGB1765|g__GGB4602","2|1239||||",0.00252,"","genus","GGB4602"
"k__Bacteria|p__Bacteroidota|c__Bacteroidia|o__Bacteroidales|f__Rikenellaceae|g__GGB70900","2|976|200643|171549|171550|",0.00251,"","genus","GGB70900"
"k__Bacteria|p__Bacteroidota|c__Bacteroidia|o__Bacteroidales|f__Rikenellaceae|g__GGB101768","2|976|200643|171549|171550|",0.0025,"","genus","GGB101768"
"k__Bacteria|p__Firmicutes|c__Clostridia|o__Lachnospirales|f__Lachnospiraceae|g__GGB86025","2|1239|186801|3085636|186803|",0.0025,"","genus","GGB86025"
"k__Bacteria|p__Firmicutes|c__CFGB1765|o__OFGB1765|f__FGB1765|g__GGB4574","2|1239||||",0.00247,"","genus","GGB4574"
"k__Bacteria|p__Firmicutes|c__Clostridia|o__Lachnospirales|f__Lachnospiraceae|g__GGB3556","2|1239|186801|3085636|186803|",0.00245,"","genus","GGB3556"
"k__Bacteria|p__Firmicutes|c__CFGB1765|o__OFGB1765|f__FGB1765|g__GGB31771","2|1239||||",0.0024,"","genus","GGB31771"
"k__Bacteria|p__Firmicutes|c__Clostridia|o__Lachnospirales|f__Lachnospiraceae|g__GGB86052","2|1239|186801|3085636|186803|",0.00238,"","genus","GGB86052"
"k__Bacteria|p__Bacteroidota|c__Bacteroidia|o__Bacteroidales|f__Bacteroidaceae|g__GGB50002","2|976|200643|171549|815|",0.00236,"","genus","GGB50002"
"k__Bacteria|p__Firmicutes|c__CFGB1765|o__OFGB1765|f__FGB1765|g__GGB4599","2|1239||||",0.00235,"","genus","GGB4599"
"k__Bacteria|p__Bacteroidota|c__Bacteroidia|o__Bacteroidales|f__Tannerellaceae|g__GGB77016","2|976|200643|171549|2005525|",0.00235,"","genus","GGB77016"
"k__Bacteria|p__Bacteroidota|c__Bacteroidia|o__Bacteroidales|f__Rikenellaceae|g__GGB50441","2|976|200643|171549|171550|",0.00234,"","genus","GGB50441"
"k__Bacteria|p__Firmicutes|c__Clostridia|o__Lachnospirales|f__Lachnospiraceae|g__GGB142200","2|1239|186801|3085636|186803|",0.0023,"","genus","GGB142200"
"k__Bacteria|p__Firmicutes|c__Erysipelotrichia|o__Erysipelotrichales|f__Coprobacillaceae|g__Coprobacillaceae_unclassified","2|1239|526524|526525|2810280|",0.00229,"","genus","Coprobacillaceae_unclassified"
"k__Bacteria|p__Firmicutes|c__Clostridia|o__Lachnospirales|f__Lachnospiraceae|g__GGB42674","2|1239|186801|3085636|186803|",0.00228,"","genus","GGB42674"
"k__Bacteria|p__Firmicutes|c__Clostridia|o__Lachnospirales|f__Lachnospiraceae|g__GGB58039","2|1239|186801|3085636|186803|",0.00228,"","genus","GGB58039"
"k__Bacteria|p__Bacteroidota|c__Bacteroidia|o__Bacteroidales|f__Barnesiellaceae|g__GGB112401","2|976|200643|171549|2005519|",0.00226,"","genus","GGB112401"
"k__Bacteria|p__Firmicutes|c__CFGB1011|o__OFGB1011|f__FGB1011|g__GGB2652","2|1239||||",0.00224,"","genus","GGB2652"
"k__Bacteria|p__Firmicutes|c__Clostridia|o__Lachnospirales|f__Lachnospiraceae|g__GGB42618","2|1239|186801|3085636|186803|",0.00223,"","genus","GGB42618"
"k__Bacteria|p__Firmicutes|c__CFGB84123|o__OFGB84123|f__FGB84123|g__GGB29560","2|1239||||",0.00217,"","genus","GGB29560"
"k__Bacteria|p__Bacteroidota|c__Bacteroidia|o__Bacteroidales|f__Odoribacteraceae|g__Butyricimonas","2|976|200643|171549|1853231|574697",0.00215,"","genus","Butyricimonas"
"k__Bacteria|p__Firmicutes|c__CFGB1765|o__OFGB1765|f__FGB1765|g__GGB4580","2|1239||||",0.00215,"","genus","GGB4580"
"k__Bacteria|p__Bacteroidota|c__Bacteroidia|o__Bacteroidales|f__Rikenellaceae|g__GGB75876","2|976|200643|171549|171550|",0.00213,"","genus","GGB75876"
"k__Bacteria|p__Firmicutes|c__Clostridia|o__Lachnospirales|f__Lachnospiraceae|g__GGB3561","2|1239|186801|3085636|186803|",0.00212,"","genus","GGB3561"
"k__Bacteria|p__Firmicutes|c__Clostridia|o__Eubacteriales|f__Oscillospiraceae|g__Subdoligranulum","2|1239|186801|186802|216572|292632",0.0021,"","genus","Subdoligranulum"
"k__Bacteria|p__Bacteroidota|c__Bacteroidia|o__Bacteroidales|f__Rikenellaceae|g__GGB101777","2|976|200643|171549|171550|",0.00209,"","genus","GGB101777"
"k__Bacteria|p__Firmicutes|c__Clostridia|o__Lachnospirales|f__Lachnospiraceae|g__GGB79350","2|1239|186801|3085636|186803|",0.00209,"","genus","GGB79350"
"k__Bacteria|p__Firmicutes|c__Bacillota_unclassified|o__Bacillota_unclassified|f__Bacillota_unclassified|g__Bacillota_unclassified","2|1239||||",0.00204,"","genus","Bacillota_unclassified"
"k__Bacteria|p__Bacteroidota|c__Bacteroidia|o__Bacteroidales|f__Bacteroidales_unclassified|g__Bacteroidales_unclassified","2|976|200643|171549||",0.00201,"","genus","Bacteroidales_unclassified"
"k__Bacteria|p__Firmicutes|c__CFGB9718|o__OFGB9718|f__FGB9718|g__GGB115928","2|1239||||",0.00201,"","genus","GGB115928"
"k__Bacteria|p__Bacteroidota|c__CFGB658|o__OFGB658|f__FGB658|g__GGB23809","2|976||||",0.002,"","genus","GGB23809"
"k__Bacteria|p__Firmicutes|c__Clostridia|o__Lachnospirales|f__Lachnospiraceae|g__GGB86012","2|1239|186801|3085636|186803|",0.00197,"","genus","GGB86012"
"k__Bacteria|p__Firmicutes|c__CFGB1765|o__OFGB1765|f__FGB1765|g__GGB4606","2|1239||||",0.00194,"","genus","GGB4606"
"k__Bacteria|p__Firmicutes|c__Clostridia|o__Eubacteriales|f__Oscillospiraceae|g__GGB143848","2|1239|186801|186802|216572|",0.00193,"","genus","GGB143848"
"k__Bacteria|p__Firmicutes|c__CFGB1776|o__OFGB1776|f__FGB1776|g__GGB4746","2|1239||||",0.00191,"","genus","GGB4746"
"k__Bacteria|p__Bacteroidota|c__Bacteroidia|o__Bacteroidales|f__Prevotellaceae|g__GGB46067","2|976|200643|171549|171552|",0.0019,"","genus","GGB46067"
"k__Bacteria|p__Firmicutes|c__Clostridia|o__Lachnospirales|f__Lachnospiraceae|g__GGB13294","2|1239|186801|3085636|186803|",0.00186,"","genus","GGB13294"
"k__Bacteria|p__Firmicutes|c__Clostridia|o__Lachnospirales|f__Lachnospiraceae|g__GGB42524","2|1239|186801|3085636|186803|",0.00182,"","genus","GGB42524"
"k__Bacteria|p__Firmicutes|c__CFGB1765|o__OFGB1765|f__FGB1765|g__GGB31780","2|1239||||",0.0018,"","genus","GGB31780"
"k__Bacteria|p__Firmicutes|c__Clostridia|o__Lachnospirales|f__Lachnospiraceae|g__GGB115890","2|1239|186801|3085636|186803|",0.00179,"","genus","GGB115890"
"k__Bacteria|p__Firmicutes|c__CFGB1765|o__OFGB1765|f__FGB1765|g__GGB75934","2|1239||||",0.00175,"","genus","GGB75934"
"k__Bacteria|p__Firmicutes|c__Clostridia|o__Lachnospirales|f__Lachnospiraceae|g__Eisenbergiella","2|1239|186801|3085636|186803|1432051",0.00173,"","genus","Eisenbergiella"
"k__Bacteria|p__Firmicutes|c__Clostridia|o__Lachnospirales|f__Anaerotignaceae|g__GGB141103","2|1239|186801|3085636|3118652|",0.00172,"","genus","GGB141103"
"k__Bacteria|p__Firmicutes|c__Clostridia|o__Christensenellales|f__Christensenellaceae|g__Guopingia","2|1239|186801|3082768|990719|2944148",0.00167,"","genus","Guopingia"
"k__Bacteria|p__Firmicutes|c__Clostridia|o__Lachnospirales|f__Lachnospiraceae|g__GGB101491","2|1239|186801|3085636|186803|",0.0016,"","genus","GGB101491"
"k__Bacteria|p__Firmicutes|c__CFGB1765|o__OFGB1765|f__FGB1765|g__GGB118908","2|1239||||",0.00157,"","genus","GGB118908"
"k__Bacteria|p__Firmicutes|c__CFGB1765|o__OFGB1765|f__FGB1765|g__GGB31807","2|1239||||",0.00153,"","genus","GGB31807"
"k__Bacteria|p__Firmicutes|c__Clostridia|o__Lachnospirales|f__Lachnospiraceae|g__GGB3422","2|1239|186801|3085636|186803|",0.00153,"","genus","GGB3422"
"k__Bacteria|p__Firmicutes|c__Clostridia|o__Lachnospirales|f__Lachnospiraceae|g__GGB3640","2|1239|186801|3085636|186803|",0.00153,"","genus","GGB3640"
"k__Bacteria|p__Firmicutes|c__Clostridia|o__Lachnospirales|f__Lachnospiraceae|g__GGB86212","2|1239|186801|3085636|186803|",0.00152,"","genus","GGB86212"
"k__Bacteria|p__Bacteroidota|c__Bacteroidia|o__Bacteroidales|f__Rikenellaceae|g__GGB76883","2|976|200643|171549|171550|",0.0015,"","genus","GGB76883"
"k__Bacteria|p__Bacteroidota|c__Bacteroidia|o__Bacteroidales|f__Bacteroidaceae|g__GGB77003","2|976|200643|171549|815|",0.00147,"","genus","GGB77003"
"k__Bacteria|p__Firmicutes|c__CFGB84123|o__OFGB84123|f__FGB84123|g__GGB3139","2|1239||||",0.00146,"","genus","GGB3139"
"k__Bacteria|p__Firmicutes|c__CFGB1765|o__OFGB1765|f__FGB1765|g__GGB4557","2|1239||||",0.00146,"","genus","GGB4557"
"k__Bacteria|p__Bacteroidota|c__Bacteroidia|o__Bacteroidales|f__Bacteroidaceae|g__GGB77005","2|976|200643|171549|815|",0.00144,"","genus","GGB77005"
"k__Bacteria|p__Firmicutes|c__CFGB84123|o__OFGB84123|f__FGB84123|g__GGB83743","2|1239||||",0.00141,"","genus","GGB83743"
"k__Bacteria|p__Firmicutes|c__CFGB1765|o__OFGB1765|f__FGB1765|g__GGB4587","2|1239||||",0.00138,"","genus","GGB4587"
"k__Bacteria|p__Firmicutes|c__Clostridia|o__Lachnospirales|f__Lachnospiraceae|g__GGB98720","2|1239|186801|3085636|186803|",0.00133,"","genus","GGB98720"
"k__Bacteria|p__Bacteroidota|c__CFGB95179|o__OFGB95179|f__FGB95179|g__GGB74328","2|976||||",0.00129,"","genus","GGB74328"
"k__Bacteria|p__Bacteroidota|c__CFGB56395|o__OFGB56395|f__FGB56395|g__GGB82167","2|976||||",0.00127,"","genus","GGB82167"
"k__Bacteria|p__Firmicutes|c__Clostridia|o__Eubacteriales|f__Oscillospiraceae|g__GGB52084","2|1239|186801|186802|216572|",0.00124,"","genus","GGB52084"
"k__Bacteria|p__Bacteroidota|c__Bacteroidia|o__Bacteroidales|f__Tannerellaceae|g__GGB112617","2|976|200643|171549|2005525|",0.00123,"","genus","GGB112617"
"k__Bacteria|p__Firmicutes|c__Clostridia|o__Eubacteriales|f__Oscillospiraceae|g__GGB40344","2|1239|186801|186802|216572|",0.00123,"","genus","GGB40344"
"k__Bacteria|p__Firmicutes|c__Clostridia|o__Lachnospirales|f__Lachnospiraceae|g__GGB79219","2|1239|186801|3085636|186803|",0.00116,"","genus","GGB79219"
"k__Bacteria|p__Firmicutes|c__Clostridia|o__Lachnospirales|f__Lachnospiraceae|g__GGB58070","2|1239|186801|3085636|186803|",0.00115,"","genus","GGB58070"
"k__Bacteria|p__Firmicutes|c__Clostridia|o__Eubacteriales|f__Clostridiaceae|g__GGB141930","2|1239|186801|186802|31979|",0.00114,"","genus","GGB141930"
"k__Bacteria|p__Firmicutes|c__CFGB1765|o__OFGB1765|f__FGB1765|g__GGB143863","2|1239||||",0.00112,"","genus","GGB143863"
"k__Bacteria|p__Firmicutes|c__Clostridia|o__Lachnospirales|f__Lachnospiraceae|g__GGB86185","2|1239|186801|3085636|186803|",0.00111,"","genus","GGB86185"
"k__Bacteria|p__Bacteroidota|c__Bacteroidia|o__Bacteroidales|f__Bacteroidaceae|g__GGB17192","2|976|200643|171549|815|",0.0011,"","genus","GGB17192"
"k__Bacteria|p__Bacteroidota|c__Bacteroidia|o__Bacteroidales|f__Rikenellaceae|g__GGB46028","2|976|200643|171549|171550|",0.00108,"","genus","GGB46028"
"k__Bacteria|p__Firmicutes|c__Clostridia|o__Lachnospirales|f__Lachnospiraceae|g__GGB86177","2|1239|186801|3085636|186803|",0.00108,"","genus","GGB86177"
"k__Bacteria|p__Firmicutes|c__CFGB1765|o__OFGB1765|f__FGB1765|g__GGB118871","2|1239||||",0.00107,"","genus","GGB118871"
"k__Bacteria|p__Firmicutes|c__CFGB3004|o__OFGB3004|f__FGB3004|g__GGB58158","2|1239||||",0.00107,"","genus","GGB58158"
"k__Bacteria|p__Firmicutes|c__Clostridia|o__Eubacteriales|f__Oscillospiraceae|g__GGB79100","2|1239|186801|186802|216572|",0.00104,"","genus","GGB79100"
"k__Bacteria|p__Firmicutes|c__Clostridia|o__Lachnospirales|f__Lachnospiraceae|g__GGB28708","2|1239|186801|3085636|186803|",0.00103,"","genus","GGB28708"
"k__Bacteria|p__Firmicutes|c__Clostridia|o__Lachnospirales|f__Lachnospiraceae|g__GGB142337","2|1239|186801|3085636|186803|",0.00102,"","genus","GGB142337"
"k__Bacteria|p__Firmicutes|c__CFGB1765|o__OFGB1765|f__FGB1765|g__GGB118905","2|1239||||",0.00101,"","genus","GGB118905"
"k__Bacteria|p__Firmicutes|c__Clostridia|o__Lachnospirales|f__Lachnospiraceae|g__GGB79371","2|1239|186801|3085636|186803|",0.00097,"","genus","GGB79371"
"k__Bacteria|p__Bacteroidota|c__Bacteroidia|o__Bacteroidales|f__Rikenellaceae|g__GGB81812","2|976|200643|171549|171550|",0.00097,"","genus","GGB81812"
"k__Bacteria|p__Firmicutes|c__CFGB1765|o__OFGB1765|f__FGB1765|g__GGB4556","2|1239||||",0.00094,"","genus","GGB4556"
"k__Bacteria|p__Firmicutes|c__Clostridia|o__Lachnospirales|f__Lachnospiraceae|g__GGB51407","2|1239|186801|3085636|186803|",0.00094,"","genus","GGB51407"
"k__Bacteria|p__Firmicutes|c__CFGB1765|o__OFGB1765|f__FGB1765|g__GGB18500","2|1239||||",0.00093,"","genus","GGB18500"
"k__Bacteria|p__Firmicutes|c__CFGB1765|o__OFGB1765|f__FGB1765|g__GGB118881","2|1239||||",0.00092,"","genus","GGB118881"
"k__Bacteria|p__Firmicutes|c__Clostridia|o__Lachnospirales|f__Lachnospiraceae|g__GGB85867","2|1239|186801|3085636|186803|",0.00092,"","genus","GGB85867"
"k__Bacteria|p__Firmicutes|c__CFGB88546|o__OFGB88546|f__FGB88546|g__GGB85891","2|1239||||",0.00091,"","genus","GGB85891"
"k__Bacteria|p__Firmicutes|c__Clostridia|o__Eubacteriales|f__Eubacteriaceae|g__GGB35068","2|1239|186801|186802|186806|",9e-04,"","genus","GGB35068"
"k__Bacteria|p__Firmicutes|c__CFGB1765|o__OFGB1765|f__FGB1765|g__GGB4558","2|1239||||",0.00089,"","genus","GGB4558"
"k__Bacteria|p__Firmicutes|c__CFGB1765|o__OFGB1765|f__FGB1765|g__GGB4600","2|1239||||",0.00089,"","genus","GGB4600"
"k__Bacteria|p__Bacteroidota|c__CFGB629|o__OFGB629|f__FGB629|g__GGB50242","2|976||||",0.00089,"","genus","GGB50242"
"k__Bacteria|p__Firmicutes|c__Clostridia|o__Lachnospirales|f__Lachnospiraceae|g__GGB115891","2|1239|186801|3085636|186803|",0.00083,"","genus","GGB115891"
"k__Bacteria|p__Firmicutes|c__Clostridia|o__Eubacteriales|f__Clostridiaceae|g__GGB51495","2|1239|186801|186802|31979|",0.00083,"","genus","GGB51495"
"k__Bacteria|p__Firmicutes|c__Clostridia|o__Lachnospirales|f__Lachnospiraceae|g__Lacrimispora","2|1239|186801|3085636|186803|2719231",0.00082,"","genus","Lacrimispora"
"k__Bacteria|p__Firmicutes|c__Clostridia|o__Lachnospirales|f__Lachnospiraceae|g__GGB79342","2|1239|186801|3085636|186803|",8e-04,"","genus","GGB79342"
"k__Bacteria|p__Bacteroidota|c__CFGB658|o__OFGB658|f__FGB658|g__GGB89420","2|976||||",0.00079,"","genus","GGB89420"
"k__Bacteria|p__Bacteroidota|c__CFGB1670|o__OFGB1670|f__FGB1670|g__GGB47686","2|976||||",0.00078,"","genus","GGB47686"
"k__Bacteria|p__Bacteroidota|c__Bacteroidia|o__Bacteroidales|f__Prevotellaceae|g__GGB12957","2|976|200643|171549|171552|",0.00075,"","genus","GGB12957"
"k__Bacteria|p__Firmicutes|c__Clostridia|o__Lachnospirales|f__Lachnospiraceae|g__GGB25063","2|1239|186801|3085636|186803|",0.00075,"","genus","GGB25063"
"k__Bacteria|p__Firmicutes|c__Clostridia|o__Lachnospirales|f__Lachnospiraceae|g__GGB42632","2|1239|186801|3085636|186803|",0.00075,"","genus","GGB42632"
"k__Bacteria|p__Firmicutes|c__Clostridia|o__Lachnospirales|f__Lachnospiraceae|g__GGB86223","2|1239|186801|3085636|186803|",0.00075,"","genus","GGB86223"
"k__Bacteria|p__Firmicutes|c__CFGB1765|o__OFGB1765|f__FGB1765|g__GGB47155","2|1239||||",0.00074,"","genus","GGB47155"
"k__Bacteria|p__Firmicutes|c__Erysipelotrichia|o__Erysipelotrichales|f__Coprobacillaceae|g__GGB70290","2|1239|526524|526525|2810280|",0.00074,"","genus","GGB70290"
"k__Bacteria|p__Bacteroidota|c__CFGB14953|o__OFGB14953|f__FGB14953|g__GGB101790","2|976||||",0.00073,"","genus","GGB101790"
"k__Bacteria|p__Bacteroidota|c__Bacteroidia|o__Bacteroidales|f__Bacteroidaceae|g__GGB112240","2|976|200643|171549|815|",0.00071,"","genus","GGB112240"
"k__Bacteria|p__Firmicutes|c__Clostridia|o__Lachnospirales|f__Lachnospiraceae|g__GGB115794","2|1239|186801|3085636|186803|",0.00071,"","genus","GGB115794"
"k__Bacteria|p__Bacteroidota|c__Bacteroidia|o__Bacteroidales|f__Rikenellaceae|g__GGB111987","2|976|200643|171549|171550|",0.00069,"","genus","GGB111987"
"k__Bacteria|p__Bacteroidota|c__Bacteroidia|o__Bacteroidales|f__Bacteroidaceae|g__GGB142033","2|976|200643|171549|815|",0.00069,"","genus","GGB142033"
"k__Bacteria|p__Firmicutes|c__Clostridia|o__Lachnospirales|f__Lachnospiraceae|g__GGB48075","2|1239|186801|3085636|186803|",0.00069,"","genus","GGB48075"
"k__Bacteria|p__Firmicutes|c__Clostridia|o__Lachnospirales|f__Lachnospiraceae|g__GGB115905","2|1239|186801|3085636|186803|",0.00068,"","genus","GGB115905"
"k__Bacteria|p__Firmicutes|c__Clostridia|o__Lachnospirales|f__Lachnospiraceae|g__GGB3507","2|1239|186801|3085636|186803|",0.00068,"","genus","GGB3507"
"k__Bacteria|p__Bacteroidota|c__CFGB658|o__OFGB658|f__FGB658|g__GGB46052","2|976||||",0.00068,"","genus","GGB46052"
"k__Bacteria|p__Firmicutes|c__Clostridia|o__Lachnospirales|f__Lachnospiraceae|g__GGB74515","2|1239|186801|3085636|186803|",0.00068,"","genus","GGB74515"
"k__Bacteria|p__Firmicutes|c__Clostridia|o__Lachnospirales|f__Lachnospiraceae|g__GGB85871","2|1239|186801|3085636|186803|",0.00065,"","genus","GGB85871"
"k__Bacteria|p__Bacteroidota|c__Bacteroidia|o__Bacteroidales|f__Tannerellaceae|g__GGB77018","2|976|200643|171549|2005525|",0.00064,"","genus","GGB77018"
"k__Bacteria|p__Bacteroidota|c__CFGB87848|o__OFGB87848|f__FGB87848|g__GGB33359","2|976||||",0.00063,"","genus","GGB33359"
"k__Bacteria|p__Firmicutes|c__Clostridia|o__Lachnospirales|f__Lachnospiraceae|g__GGB51355","2|1239|186801|3085636|186803|",0.00062,"","genus","GGB51355"
"k__Bacteria|p__Verrucomicrobiota|c__CFGB74918|o__OFGB74918|f__FGB74918|g__GGB82476","2|74201||||",0.00062,"","genus","GGB82476"
"k__Bacteria|p__Firmicutes|c__Clostridia|o__Lachnospirales|f__Lachnospiraceae|g__GGB3555","2|1239|186801|3085636|186803|",0.00061,"","genus","GGB3555"
"k__Bacteria|p__Firmicutes|c__Clostridia|o__Lachnospirales|f__Lachnospiraceae|g__GGB51466","2|1239|186801|3085636|186803|",0.00061,"","genus","GGB51466"
"k__Bacteria|p__Firmicutes|c__CFGB9989|o__OFGB9989|f__FGB9989|g__GGB100475","2|1239||||",6e-04,"","genus","GGB100475"
"k__Bacteria|p__Firmicutes|c__CFGB95151|o__OFGB95151|f__FGB95151|g__GGB86104","2|1239||||",6e-04,"","genus","GGB86104"
"k__Bacteria|p__Firmicutes|c__Clostridia|o__Lachnospirales|f__Lachnospiraceae|g__GGB86189","2|1239|186801|3085636|186803|",0.00059,"","genus","GGB86189"
"k__Bacteria|p__Firmicutes|c__Clostridia|o__Lachnospirales|f__Lachnospiraceae|g__GGB13275","2|1239|186801|3085636|186803|",0.00058,"","genus","GGB13275"
"k__Bacteria|p__Firmicutes|c__Clostridia|o__Lachnospirales|f__Lachnospiraceae|g__GGB87474","2|1239|186801|3085636|186803|",0.00058,"","genus","GGB87474"
"k__Bacteria|p__Firmicutes|c__Clostridia|o__Eubacteriales|f__Oscillospiraceae|g__GGB114229","2|1239|186801|186802|216572|",0.00057,"","genus","GGB114229"
"k__Bacteria|p__Firmicutes|c__Clostridia|o__Lachnospirales|f__Lachnospiraceae|g__GGB85881","2|1239|186801|3085636|186803|",0.00056,"","genus","GGB85881"
"k__Bacteria|p__Firmicutes|c__Clostridia|o__Eubacteriales|f__Eubacteriales_unclassified|g__Flintibacter","2|1239|186801|186802||1918454",0.00054,"","genus","Flintibacter"
"k__Bacteria|p__Firmicutes|c__Clostridia|o__Lachnospirales|f__Lachnospiraceae|g__Hespellia","2|1239|186801|3085636|186803|241189",0.00054,"","genus","Hespellia"
"k__Bacteria|p__Bacteroidota|c__Bacteroidia|o__Bacteroidales|f__Bacteroidaceae|g__GGB112248","2|976|200643|171549|815|",0.00053,"","genus","GGB112248"
"k__Bacteria|p__Bacteroidota|c__Bacteroidia|o__Bacteroidales|f__Bacteroidaceae|g__GGB1396","2|976|200643|171549|815|",0.00053,"","genus","GGB1396"
"k__Bacteria|p__Firmicutes|c__Clostridia|o__Eubacteriales|f__Oscillospiraceae|g__GGB51661","2|1239|186801|186802|216572|",0.00053,"","genus","GGB51661"
"k__Bacteria|p__Firmicutes|c__CFGB1448|o__OFGB1448|f__FGB1448|g__GGB86353","2|1239||||",0.00053,"","genus","GGB86353"
"k__Bacteria|p__Bacteroidota|c__Bacteroidia|o__Bacteroidales|f__Tannerellaceae|g__GGB98777","2|976|200643|171549|2005525|",0.00052,"","genus","GGB98777"
"k__Bacteria|p__Bacteroidota|c__CFGB594|o__OFGB594|f__FGB594|g__GGB1347","2|976||||",5e-04,"","genus","GGB1347"
"k__Bacteria|p__Firmicutes|c__Clostridia|o__Eubacteriales|f__Clostridiaceae|g__GGB28969","2|1239|186801|186802|31979|",0.00049,"","genus","GGB28969"
"k__Bacteria|p__Firmicutes|c__CFGB78886|o__OFGB78886|f__FGB78886|g__GGB3517","2|1239||||",0.00048,"","genus","GGB3517"
"k__Bacteria|p__Firmicutes|c__Clostridia|o__Lachnospirales|f__Lachnospiraceae|g__GGB42658","2|1239|186801|3085636|186803|",0.00048,"","genus","GGB42658"
"k__Bacteria|p__Bacteroidota|c__Bacteroidia|o__Bacteroidales|f__Bacteroidaceae|g__GGB82148","2|976|200643|171549|815|",0.00048,"","genus","GGB82148"
"k__Bacteria|p__Firmicutes|c__Clostridia|o__Eubacteriales|f__Oscillospiraceae|g__GGB143803","2|1239|186801|186802|216572|",0.00047,"","genus","GGB143803"
"k__Bacteria|p__Firmicutes|c__Clostridia|o__Eubacteriales|f__Clostridiaceae|g__GGB85894","2|1239|186801|186802|31979|",0.00047,"","genus","GGB85894"
"k__Bacteria|p__Firmicutes|c__CFGB1765|o__OFGB1765|f__FGB1765|g__GGB4575","2|1239||||",0.00046,"","genus","GGB4575"
"k__Bacteria|p__Bacteroidota|c__CFGB658|o__OFGB658|f__FGB658|g__GGB23806","2|976||||",0.00044,"","genus","GGB23806"
"k__Bacteria|p__Firmicutes|c__Clostridia|o__Lachnospirales|f__Lachnospiraceae|g__GGB115982","2|1239|186801|3085636|186803|",0.00043,"","genus","GGB115982"
"k__Bacteria|p__Firmicutes|c__Clostridia|o__Christensenellales|f__Christensenellaceae|g__GGB20071","2|1239|186801|3082768|990719|",0.00043,"","genus","GGB20071"
"k__Bacteria|p__Firmicutes|c__Clostridia|o__Lachnospirales|f__Lachnospiraceae|g__GGB25064","2|1239|186801|3085636|186803|",0.00043,"","genus","GGB25064"
"k__Bacteria|p__Firmicutes|c__Clostridia|o__Eubacteriales|f__Oscillospiraceae|g__GGB38987","2|1239|186801|186802|216572|",0.00043,"","genus","GGB38987"
"k__Bacteria|p__Firmicutes|c__CFGB41334|o__OFGB41334|f__FGB41334|g__GGB41334","2|1239||||",0.00043,"","genus","GGB41334"
"k__Bacteria|p__Firmicutes|c__Clostridia|o__Lachnospirales|f__Lachnospiraceae|g__GGB79215","2|1239|186801|3085636|186803|",0.00043,"","genus","GGB79215"
"k__Bacteria|p__Firmicutes|c__CFGB3062|o__OFGB3062|f__FGB3062|g__GGB101086","2|1239||||",0.00041,"","genus","GGB101086"
"k__Bacteria|p__Firmicutes|c__Clostridia|o__Eubacteriales|f__Oscillospiraceae|g__GGB9737","2|1239|186801|186802|216572|",0.00041,"","genus","GGB9737"
"k__Bacteria|p__Firmicutes|c__CFGB3048|o__OFGB3048|f__FGB3048|g__GGB79254","2|1239||||",4e-04,"","genus","GGB79254"
"k__Bacteria|p__Actinomycetota|c__Coriobacteriia|o__Coriobacteriales|f__Coriobacteriaceae|g__GGB99878","2|201174|84998|84999|84107|",4e-04,"","genus","GGB99878"
"k__Bacteria|p__Bacteroidota|c__Bacteroidia|o__Bacteroidales|f__Bacteroidaceae|g__GGB142034","2|976|200643|171549|815|",0.00039,"","genus","GGB142034"
"k__Bacteria|p__Firmicutes|c__CFGB1765|o__OFGB1765|f__FGB1765|g__GGB118915","2|1239||||",0.00037,"","genus","GGB118915"
"k__Bacteria|p__Firmicutes|c__Clostridia|o__Lachnospirales|f__Lachnospiraceae|g__GGB51441","2|1239|186801|3085636|186803|",0.00035,"","genus","GGB51441"
"k__Bacteria|p__Firmicutes|c__CFGB4630|o__OFGB4630|f__FGB4630|g__GGB13443","2|1239||||",0.00034,"","genus","GGB13443"
"k__Bacteria|p__Firmicutes|c__CFGB9644|o__OFGB9644|f__FGB9644|g__GGB85906","2|1239||||",0.00033,"","genus","GGB85906"
"k__Bacteria|p__Firmicutes|c__Clostridia|o__Lachnospirales|f__Lachnospiraceae|g__GGB42611","2|1239|186801|3085636|186803|",0.00031,"","genus","GGB42611"
"k__Bacteria|p__Firmicutes|c__Clostridia|o__Eubacteriales|f__Clostridiaceae|g__GGB141965","2|1239|186801|186802|31979|",3e-04,"","genus","GGB141965"
"k__Bacteria|p__Firmicutes|c__Clostridia|o__Eubacteriales|f__Clostridiaceae|g__GGB51504","2|1239|186801|186802|31979|",0.00029,"","genus","GGB51504"
"k__Bacteria|p__Bacteroidota|c__Bacteroidia|o__Bacteroidales|f__Bacteroidaceae|g__GGB82122","2|976|200643|171549|815|",0.00029,"","genus","GGB82122"
"k__Bacteria|p__Bacteroidota|c__Bacteroidia|o__Bacteroidales|f__Bacteroidaceae|g__GGB82149","2|976|200643|171549|815|",0.00028,"","genus","GGB82149"
"k__Bacteria|p__Firmicutes|c__Clostridia|o__Lachnospirales|f__Lachnospiraceae|g__GGB42656","2|1239|186801|3085636|186803|",0.00027,"","genus","GGB42656"
"k__Bacteria|p__Firmicutes|c__Clostridia|o__Lachnospirales|f__Lachnospiraceae|g__GGB32156","2|1239|186801|3085636|186803|",0.00026,"","genus","GGB32156"
"k__Bacteria|p__Firmicutes|c__Clostridia|o__Eubacteriales|f__Oscillospiraceae|g__GGB9699","2|1239|186801|186802|216572|",0.00025,"","genus","GGB9699"
"k__Bacteria|p__Firmicutes|c__CFGB84496|o__OFGB84496|f__FGB84496|g__GGB99701","2|1239||||",0.00025,"","genus","GGB99701"
"k__Bacteria|p__Firmicutes|c__CFGB1765|o__OFGB1765|f__FGB1765|g__GGB96360","2|1239||||",0.00024,"","genus","GGB96360"
"k__Bacteria|p__Firmicutes|c__Clostridia|o__Eubacteriales|f__Oscillospiraceae|g__GGB9645","2|1239|186801|186802|216572|",0.00024,"","genus","GGB9645"
"k__Bacteria|p__Bacteroidota|c__CFGB37155|o__OFGB37155|f__FGB37155|g__GGB81813","2|976||||",0.00023,"","genus","GGB81813"
"k__Bacteria|p__Firmicutes|c__Clostridia|o__Lachnospirales|f__Lachnospiraceae|g__GGB3516","2|1239|186801|3085636|186803|",0.00021,"","genus","GGB3516"
"k__Bacteria|p__Firmicutes|c__Clostridia|o__Eubacteriales|f__Clostridiaceae|g__GGB79411","2|1239|186801|186802|31979|",2e-04,"","genus","GGB79411"
"k__Bacteria|p__Firmicutes|c__CFGB1765|o__OFGB1765|f__FGB1765|g__GGB4590","2|1239||||",0.00019,"","genus","GGB4590"
"k__Bacteria|p__Firmicutes|c__CFGB1765|o__OFGB1765|f__FGB1765|g__GGB31765","2|1239||||",0.00018,"","genus","GGB31765"
"k__Bacteria|p__Bacteroidota|c__Bacteroidia|o__Bacteroidales|f__Bacteroidaceae|g__Bacteroidaceae_unclassified","2|976|200643|171549|815|",0.00017,"","genus","Bacteroidaceae_unclassified"
"k__Bacteria|p__Firmicutes|c__Clostridia|o__Eubacteriales|f__Clostridiaceae|g__GGB42639","2|1239|186801|186802|31979|",0.00017,"","genus","GGB42639"
"k__Bacteria|p__Firmicutes|c__CFGB49375|o__OFGB49375|f__FGB49375|g__GGB79207","2|1239||||",0.00017,"","genus","GGB79207"
"k__Bacteria|p__Firmicutes|c__CFGB88546|o__OFGB88546|f__FGB88546|g__GGB85890","2|1239||||",0.00017,"","genus","GGB85890"
"k__Bacteria|p__Firmicutes|c__Clostridia|o__Eubacteriales|f__Clostridiaceae|g__GGB42637","2|1239|186801|186802|31979|",0.00016,"","genus","GGB42637"
"k__Bacteria|p__Verrucomicrobiota|c__CFGB74918|o__OFGB74918|f__FGB74918|g__GGB82477","2|74201||||",0.00016,"","genus","GGB82477"
"k__Bacteria|p__Firmicutes|c__Clostridia|o__Eubacteriales|f__Eubacteriaceae|g__GGB86416","2|1239|186801|186802|186806|",0.00016,"","genus","GGB86416"
"k__Bacteria|p__Firmicutes|c__CFGB3038|o__OFGB3038|f__FGB3038|g__GGB9532","2|1239||||",0.00014,"","genus","GGB9532"
"k__Bacteria|p__Firmicutes|c__Clostridia|o__Eubacteriales|f__Oscillospiraceae|g__Massiliimalia","2|1239|186801|186802|216572|2895461",0.00014,"","genus","Massiliimalia"
"k__Bacteria|p__Bacteroidota|c__CFGB658|o__OFGB658|f__FGB658|g__GGB50369","2|976||||",0.00013,"","genus","GGB50369"
"k__Bacteria|p__Bacteroidota|c__Bacteroidia|o__Bacteroidales|f__Tannerellaceae|g__GGB1410","2|976|200643|171549|2005525|",0.00012,"","genus","GGB1410"
"k__Bacteria|p__Firmicutes|c__CFGB95126|o__OFGB95126|f__FGB95126|g__GGB142181","2|1239||||",0.00012,"","genus","GGB142181"
"k__Bacteria|p__Bacteroidota|c__CFGB87848|o__OFGB87848|f__FGB87848|g__GGB40117","2|976||||",0.00011,"","genus","GGB40117"
"k__Bacteria|p__Firmicutes|c__Clostridia|o__Lachnospirales|f__Lachnospiraceae|g__GGB142300","2|1239|186801|3085636|186803|",1e-04,"","genus","GGB142300"
"k__Bacteria|p__Firmicutes|c__CFGB3048|o__OFGB3048|f__FGB3048|g__GGB100398","2|1239||||",9e-05,"","genus","GGB100398"
"k__Bacteria|p__Firmicutes|c__CFGB3054|o__OFGB3054|f__FGB3054|g__GGB25347","2|1239||||",9e-05,"","genus","GGB25347"
"k__Bacteria|p__Bacteroidota|c__CFGB1371|o__OFGB1371|f__FGB1371|g__GGB81567","2|976||||",9e-05,"","genus","GGB81567"
"k__Bacteria|p__Firmicutes|c__Clostridia|o__Lachnospirales|f__Lachnospiraceae|g__GGB48077","2|1239|186801|3085636|186803|",8e-05,"","genus","GGB48077"
"k__Bacteria|p__Firmicutes|c__CFGB93714|o__OFGB93714|f__FGB93714|g__GGB86182","2|1239||||",8e-05,"","genus","GGB86182"
